Input #0:	[0,0,0,0,0,0,0,0]	==	[0,0,0,0,0,0,0,0,0,0,0,0,0,0,0,0,0,0,0,0,0,0,0,0,0,0,0,0,0,0,0,0,0,0,0,0,0,0,0,0]
Input #1:	[0,0,0,0,0,0,0,1]	==	[0,0,0,0,0,0,0,1,0,0,0,0,0,1,0,1,0,1,0,1,0,0,0,0,0,1,0,1,0,1,0,1,0,1,0,1,0,1,0,1]
Input #2:	[0,0,0,0,0,0,1,0]	==	[0,0,0,0,0,0,1,0,0,0,0,0,1,0,1,0,1,0,1,0,0,0,0,0,1,0,1,0,1,0,1,0,1,0,1,0,1,0,1,0]
Input #3:	[0,0,0,0,0,0,1,1]	==	[0,0,0,0,0,0,1,1,0,0,0,0,1,1,1,1,1,1,1,1,0,0,0,0,1,1,1,1,1,1,1,1,1,1,1,1,1,1,1,1]
Input #4:	[0,0,0,0,0,1,0,0]	==	[0,0,0,0,0,1,0,0,0,1,0,1,0,0,0,0,0,0,1,1,0,1,0,1,0,0,0,0,0,0,1,1,0,0,1,1,0,0,1,1]
Input #5:	[0,0,0,0,0,1,0,1]	==	[0,0,0,0,0,1,0,1,0,1,0,1,0,1,0,1,0,1,1,0,0,1,0,1,0,1,0,1,0,1,1,0,0,1,1,0,0,1,1,0]
Input #6:	[0,0,0,0,0,1,1,0]	==	[0,0,0,0,0,1,1,0,0,1,0,1,1,0,1,0,1,0,0,1,0,1,0,1,1,0,1,0,1,0,0,1,1,0,0,1,1,0,0,1]
Input #7:	[0,0,0,0,0,1,1,1]	==	[0,0,0,0,0,1,1,1,0,1,0,1,1,1,1,1,1,1,0,0,0,1,0,1,1,1,1,1,1,1,0,0,1,1,0,0,1,1,0,0]
Input #8:	[0,0,0,0,1,0,0,0]	==	[0,0,0,0,1,0,0,0,1,0,1,0,0,0,0,0,1,1,0,0,1,0,1,0,0,0,0,0,1,1,0,0,1,1,0,0,1,1,0,0]
Input #9:	[0,0,0,0,1,0,0,1]	==	[0,0,0,0,1,0,0,1,1,0,1,0,0,1,0,1,1,0,0,1,1,0,1,0,0,1,0,1,1,0,0,1,1,0,0,1,1,0,0,1]
Input #10:	[0,0,0,0,1,0,1,0]	==	[0,0,0,0,1,0,1,0,1,0,1,0,1,0,1,0,0,1,1,0,1,0,1,0,1,0,1,0,0,1,1,0,0,1,1,0,0,1,1,0]
Input #11:	[0,0,0,0,1,0,1,1]	==	[0,0,0,0,1,0,1,1,1,0,1,0,1,1,1,1,0,0,1,1,1,0,1,0,1,1,1,1,0,0,1,1,0,0,1,1,0,0,1,1]
Input #12:	[0,0,0,0,1,1,0,0]	==	[0,0,0,0,1,1,0,0,1,1,1,1,0,0,0,0,1,1,1,1,1,1,1,1,0,0,0,0,1,1,1,1,1,1,1,1,1,1,1,1]
Input #13:	[0,0,0,0,1,1,0,1]	==	[0,0,0,0,1,1,0,1,1,1,1,1,0,1,0,1,1,0,1,0,1,1,1,1,0,1,0,1,1,0,1,0,1,0,1,0,1,0,1,0]
Input #14:	[0,0,0,0,1,1,1,0]	==	[0,0,0,0,1,1,1,0,1,1,1,1,1,0,1,0,0,1,0,1,1,1,1,1,1,0,1,0,0,1,0,1,0,1,0,1,0,1,0,1]
Input #15:	[0,0,0,0,1,1,1,1]	==	[0,0,0,0,1,1,1,1,1,1,1,1,1,1,1,1,0,0,0,0,1,1,1,1,1,1,1,1,0,0,0,0,0,0,0,0,0,0,0,0]
Input #16:	[0,0,0,1,0,0,0,0]	==	[0,0,0,1,0,0,0,0,0,0,1,1,0,0,1,1,0,0,0,0,0,0,1,1,0,0,1,1,0,0,0,0,0,0,0,0,1,1,1,1]
Input #17:	[0,0,0,1,0,0,0,1]	==	[0,0,0,1,0,0,0,1,0,0,1,1,0,1,1,0,0,1,0,1,0,0,1,1,0,1,1,0,0,1,0,1,0,1,0,1,1,0,1,0]
Input #18:	[0,0,0,1,0,0,1,0]	==	[0,0,0,1,0,0,1,0,0,0,1,1,1,0,0,1,1,0,1,0,0,0,1,1,1,0,0,1,1,0,1,0,1,0,1,0,0,1,0,1]
Input #19:	[0,0,0,1,0,0,1,1]	==	[0,0,0,1,0,0,1,1,0,0,1,1,1,1,0,0,1,1,1,1,0,0,1,1,1,1,0,0,1,1,1,1,1,1,1,1,0,0,0,0]
Input #20:	[0,0,0,1,0,1,0,0]	==	[0,0,0,1,0,1,0,0,0,1,1,0,0,0,1,1,0,0,1,1,0,1,1,0,0,0,1,1,0,0,1,1,0,0,1,1,1,1,0,0]
Input #21:	[0,0,0,1,0,1,0,1]	==	[0,0,0,1,0,1,0,1,0,1,1,0,0,1,1,0,0,1,1,0,0,1,1,0,0,1,1,0,0,1,1,0,0,1,1,0,1,0,0,1]
Input #22:	[0,0,0,1,0,1,1,0]	==	[0,0,0,1,0,1,1,0,0,1,1,0,1,0,0,1,1,0,0,1,0,1,1,0,1,0,0,1,1,0,0,1,1,0,0,1,0,1,1,0]
Input #23:	[0,0,0,1,0,1,1,1]	==	[0,0,0,1,0,1,1,1,0,1,1,0,1,1,0,0,1,1,0,0,0,1,1,0,1,1,0,0,1,1,0,0,1,1,0,0,0,0,1,1]
Input #24:	[0,0,0,1,1,0,0,0]	==	[0,0,0,1,1,0,0,0,1,0,0,1,0,0,1,1,1,1,0,0,1,0,0,1,0,0,1,1,1,1,0,0,1,1,0,0,0,0,1,1]
Input #25:	[0,0,0,1,1,0,0,1]	==	[0,0,0,1,1,0,0,1,1,0,0,1,0,1,1,0,1,0,0,1,1,0,0,1,0,1,1,0,1,0,0,1,1,0,0,1,0,1,1,0]
Input #26:	[0,0,0,1,1,0,1,0]	==	[0,0,0,1,1,0,1,0,1,0,0,1,1,0,0,1,0,1,1,0,1,0,0,1,1,0,0,1,0,1,1,0,0,1,1,0,1,0,0,1]
Input #27:	[0,0,0,1,1,0,1,1]	==	[0,0,0,1,1,0,1,1,1,0,0,1,1,1,0,0,0,0,1,1,1,0,0,1,1,1,0,0,0,0,1,1,0,0,1,1,1,1,0,0]
Input #28:	[0,0,0,1,1,1,0,0]	==	[0,0,0,1,1,1,0,0,1,1,0,0,0,0,1,1,1,1,1,1,1,1,0,0,0,0,1,1,1,1,1,1,1,1,1,1,0,0,0,0]
Input #29:	[0,0,0,1,1,1,0,1]	==	[0,0,0,1,1,1,0,1,1,1,0,0,0,1,1,0,1,0,1,0,1,1,0,0,0,1,1,0,1,0,1,0,1,0,1,0,0,1,0,1]
Input #30:	[0,0,0,1,1,1,1,0]	==	[0,0,0,1,1,1,1,0,1,1,0,0,1,0,0,1,0,1,0,1,1,1,0,0,1,0,0,1,0,1,0,1,0,1,0,1,1,0,1,0]
Input #31:	[0,0,0,1,1,1,1,1]	==	[0,0,0,1,1,1,1,1,1,1,0,0,1,1,0,0,0,0,0,0,1,1,0,0,1,1,0,0,0,0,0,0,0,0,0,0,1,1,1,1]
Input #32:	[0,0,1,0,0,0,0,0]	==	[0,0,1,0,0,0,0,0,1,1,0,0,1,1,0,0,0,0,0,0,1,1,0,0,1,1,0,0,0,0,0,0,1,1,1,1,0,0,0,0]
Input #33:	[0,0,1,0,0,0,0,1]	==	[0,0,1,0,0,0,0,1,1,1,0,0,1,0,0,1,0,1,0,1,1,1,0,0,1,0,0,1,0,1,0,1,1,0,1,0,0,1,0,1]
Input #34:	[0,0,1,0,0,0,1,0]	==	[0,0,1,0,0,0,1,0,1,1,0,0,0,1,1,0,1,0,1,0,1,1,0,0,0,1,1,0,1,0,1,0,0,1,0,1,1,0,1,0]
Input #35:	[0,0,1,0,0,0,1,1]	==	[0,0,1,0,0,0,1,1,1,1,0,0,0,0,1,1,1,1,1,1,1,1,0,0,0,0,1,1,1,1,1,1,0,0,0,0,1,1,1,1]
Input #36:	[0,0,1,0,0,1,0,0]	==	[0,0,1,0,0,1,0,0,1,0,0,1,1,1,0,0,0,0,1,1,1,0,0,1,1,1,0,0,0,0,1,1,1,1,0,0,0,0,1,1]
Input #37:	[0,0,1,0,0,1,0,1]	==	[0,0,1,0,0,1,0,1,1,0,0,1,1,0,0,1,0,1,1,0,1,0,0,1,1,0,0,1,0,1,1,0,1,0,0,1,0,1,1,0]
Input #38:	[0,0,1,0,0,1,1,0]	==	[0,0,1,0,0,1,1,0,1,0,0,1,0,1,1,0,1,0,0,1,1,0,0,1,0,1,1,0,1,0,0,1,0,1,1,0,1,0,0,1]
Input #39:	[0,0,1,0,0,1,1,1]	==	[0,0,1,0,0,1,1,1,1,0,0,1,0,0,1,1,1,1,0,0,1,0,0,1,0,0,1,1,1,1,0,0,0,0,1,1,1,1,0,0]
Input #40:	[0,0,1,0,1,0,0,0]	==	[0,0,1,0,1,0,0,0,0,1,1,0,1,1,0,0,1,1,0,0,0,1,1,0,1,1,0,0,1,1,0,0,0,0,1,1,1,1,0,0]
Input #41:	[0,0,1,0,1,0,0,1]	==	[0,0,1,0,1,0,0,1,0,1,1,0,1,0,0,1,1,0,0,1,0,1,1,0,1,0,0,1,1,0,0,1,0,1,1,0,1,0,0,1]
Input #42:	[0,0,1,0,1,0,1,0]	==	[0,0,1,0,1,0,1,0,0,1,1,0,0,1,1,0,0,1,1,0,0,1,1,0,0,1,1,0,0,1,1,0,1,0,0,1,0,1,1,0]
Input #43:	[0,0,1,0,1,0,1,1]	==	[0,0,1,0,1,0,1,1,0,1,1,0,0,0,1,1,0,0,1,1,0,1,1,0,0,0,1,1,0,0,1,1,1,1,0,0,0,0,1,1]
Input #44:	[0,0,1,0,1,1,0,0]	==	[0,0,1,0,1,1,0,0,0,0,1,1,1,1,0,0,1,1,1,1,0,0,1,1,1,1,0,0,1,1,1,1,0,0,0,0,1,1,1,1]
Input #45:	[0,0,1,0,1,1,0,1]	==	[0,0,1,0,1,1,0,1,0,0,1,1,1,0,0,1,1,0,1,0,0,0,1,1,1,0,0,1,1,0,1,0,0,1,0,1,1,0,1,0]
Input #46:	[0,0,1,0,1,1,1,0]	==	[0,0,1,0,1,1,1,0,0,0,1,1,0,1,1,0,0,1,0,1,0,0,1,1,0,1,1,0,0,1,0,1,1,0,1,0,0,1,0,1]
Input #47:	[0,0,1,0,1,1,1,1]	==	[0,0,1,0,1,1,1,1,0,0,1,1,0,0,1,1,0,0,0,0,0,0,1,1,0,0,1,1,0,0,0,0,1,1,1,1,0,0,0,0]
Input #48:	[0,0,1,1,0,0,0,0]	==	[0,0,1,1,0,0,0,0,1,1,1,1,1,1,1,1,0,0,0,0,1,1,1,1,1,1,1,1,0,0,0,0,1,1,1,1,1,1,1,1]
Input #49:	[0,0,1,1,0,0,0,1]	==	[0,0,1,1,0,0,0,1,1,1,1,1,1,0,1,0,0,1,0,1,1,1,1,1,1,0,1,0,0,1,0,1,1,0,1,0,1,0,1,0]
Input #50:	[0,0,1,1,0,0,1,0]	==	[0,0,1,1,0,0,1,0,1,1,1,1,0,1,0,1,1,0,1,0,1,1,1,1,0,1,0,1,1,0,1,0,0,1,0,1,0,1,0,1]
Input #51:	[0,0,1,1,0,0,1,1]	==	[0,0,1,1,0,0,1,1,1,1,1,1,0,0,0,0,1,1,1,1,1,1,1,1,0,0,0,0,1,1,1,1,0,0,0,0,0,0,0,0]
Input #52:	[0,0,1,1,0,1,0,0]	==	[0,0,1,1,0,1,0,0,1,0,1,0,1,1,1,1,0,0,1,1,1,0,1,0,1,1,1,1,0,0,1,1,1,1,0,0,1,1,0,0]
Input #53:	[0,0,1,1,0,1,0,1]	==	[0,0,1,1,0,1,0,1,1,0,1,0,1,0,1,0,0,1,1,0,1,0,1,0,1,0,1,0,0,1,1,0,1,0,0,1,1,0,0,1]
Input #54:	[0,0,1,1,0,1,1,0]	==	[0,0,1,1,0,1,1,0,1,0,1,0,0,1,0,1,1,0,0,1,1,0,1,0,0,1,0,1,1,0,0,1,0,1,1,0,0,1,1,0]
Input #55:	[0,0,1,1,0,1,1,1]	==	[0,0,1,1,0,1,1,1,1,0,1,0,0,0,0,0,1,1,0,0,1,0,1,0,0,0,0,0,1,1,0,0,0,0,1,1,0,0,1,1]
Input #56:	[0,0,1,1,1,0,0,0]	==	[0,0,1,1,1,0,0,0,0,1,0,1,1,1,1,1,1,1,0,0,0,1,0,1,1,1,1,1,1,1,0,0,0,0,1,1,0,0,1,1]
Input #57:	[0,0,1,1,1,0,0,1]	==	[0,0,1,1,1,0,0,1,0,1,0,1,1,0,1,0,1,0,0,1,0,1,0,1,1,0,1,0,1,0,0,1,0,1,1,0,0,1,1,0]
Input #58:	[0,0,1,1,1,0,1,0]	==	[0,0,1,1,1,0,1,0,0,1,0,1,0,1,0,1,0,1,1,0,0,1,0,1,0,1,0,1,0,1,1,0,1,0,0,1,1,0,0,1]
Input #59:	[0,0,1,1,1,0,1,1]	==	[0,0,1,1,1,0,1,1,0,1,0,1,0,0,0,0,0,0,1,1,0,1,0,1,0,0,0,0,0,0,1,1,1,1,0,0,1,1,0,0]
Input #60:	[0,0,1,1,1,1,0,0]	==	[0,0,1,1,1,1,0,0,0,0,0,0,1,1,1,1,1,1,1,1,0,0,0,0,1,1,1,1,1,1,1,1,0,0,0,0,0,0,0,0]
Input #61:	[0,0,1,1,1,1,0,1]	==	[0,0,1,1,1,1,0,1,0,0,0,0,1,0,1,0,1,0,1,0,0,0,0,0,1,0,1,0,1,0,1,0,0,1,0,1,0,1,0,1]
Input #62:	[0,0,1,1,1,1,1,0]	==	[0,0,1,1,1,1,1,0,0,0,0,0,0,1,0,1,0,1,0,1,0,0,0,0,0,1,0,1,0,1,0,1,1,0,1,0,1,0,1,0]
Input #63:	[0,0,1,1,1,1,1,1]	==	[0,0,1,1,1,1,1,1,0,0,0,0,0,0,0,0,0,0,0,0,0,0,0,0,0,0,0,0,0,0,0,0,1,1,1,1,1,1,1,1]
Input #64:	[0,1,0,0,0,0,0,0]	==	[0,1,0,0,0,0,0,0,0,0,0,0,0,0,0,0,0,0,0,0,1,1,1,1,1,1,1,1,1,1,1,1,0,0,0,0,0,0,0,0]
Input #65:	[0,1,0,0,0,0,0,1]	==	[0,1,0,0,0,0,0,1,0,0,0,0,0,1,0,1,0,1,0,1,1,1,1,1,1,0,1,0,1,0,1,0,0,1,0,1,0,1,0,1]
Input #66:	[0,1,0,0,0,0,1,0]	==	[0,1,0,0,0,0,1,0,0,0,0,0,1,0,1,0,1,0,1,0,1,1,1,1,0,1,0,1,0,1,0,1,1,0,1,0,1,0,1,0]
Input #67:	[0,1,0,0,0,0,1,1]	==	[0,1,0,0,0,0,1,1,0,0,0,0,1,1,1,1,1,1,1,1,1,1,1,1,0,0,0,0,0,0,0,0,1,1,1,1,1,1,1,1]
Input #68:	[0,1,0,0,0,1,0,0]	==	[0,1,0,0,0,1,0,0,0,1,0,1,0,0,0,0,0,0,1,1,1,0,1,0,1,1,1,1,1,1,0,0,0,0,1,1,0,0,1,1]
Input #69:	[0,1,0,0,0,1,0,1]	==	[0,1,0,0,0,1,0,1,0,1,0,1,0,1,0,1,0,1,1,0,1,0,1,0,1,0,1,0,1,0,0,1,0,1,1,0,0,1,1,0]
Input #70:	[0,1,0,0,0,1,1,0]	==	[0,1,0,0,0,1,1,0,0,1,0,1,1,0,1,0,1,0,0,1,1,0,1,0,0,1,0,1,0,1,1,0,1,0,0,1,1,0,0,1]
Input #71:	[0,1,0,0,0,1,1,1]	==	[0,1,0,0,0,1,1,1,0,1,0,1,1,1,1,1,1,1,0,0,1,0,1,0,0,0,0,0,0,0,1,1,1,1,0,0,1,1,0,0]
Input #72:	[0,1,0,0,1,0,0,0]	==	[0,1,0,0,1,0,0,0,1,0,1,0,0,0,0,0,1,1,0,0,0,1,0,1,1,1,1,1,0,0,1,1,1,1,0,0,1,1,0,0]
Input #73:	[0,1,0,0,1,0,0,1]	==	[0,1,0,0,1,0,0,1,1,0,1,0,0,1,0,1,1,0,0,1,0,1,0,1,1,0,1,0,0,1,1,0,1,0,0,1,1,0,0,1]
Input #74:	[0,1,0,0,1,0,1,0]	==	[0,1,0,0,1,0,1,0,1,0,1,0,1,0,1,0,0,1,1,0,0,1,0,1,0,1,0,1,1,0,0,1,0,1,1,0,0,1,1,0]
Input #75:	[0,1,0,0,1,0,1,1]	==	[0,1,0,0,1,0,1,1,1,0,1,0,1,1,1,1,0,0,1,1,0,1,0,1,0,0,0,0,1,1,0,0,0,0,1,1,0,0,1,1]
Input #76:	[0,1,0,0,1,1,0,0]	==	[0,1,0,0,1,1,0,0,1,1,1,1,0,0,0,0,1,1,1,1,0,0,0,0,1,1,1,1,0,0,0,0,1,1,1,1,1,1,1,1]
Input #77:	[0,1,0,0,1,1,0,1]	==	[0,1,0,0,1,1,0,1,1,1,1,1,0,1,0,1,1,0,1,0,0,0,0,0,1,0,1,0,0,1,0,1,1,0,1,0,1,0,1,0]
Input #78:	[0,1,0,0,1,1,1,0]	==	[0,1,0,0,1,1,1,0,1,1,1,1,1,0,1,0,0,1,0,1,0,0,0,0,0,1,0,1,1,0,1,0,0,1,0,1,0,1,0,1]
Input #79:	[0,1,0,0,1,1,1,1]	==	[0,1,0,0,1,1,1,1,1,1,1,1,1,1,1,1,0,0,0,0,0,0,0,0,0,0,0,0,1,1,1,1,0,0,0,0,0,0,0,0]
Input #80:	[0,1,0,1,0,0,0,0]	==	[0,1,0,1,0,0,0,0,0,0,1,1,0,0,1,1,0,0,0,0,1,1,0,0,1,1,0,0,1,1,1,1,0,0,0,0,1,1,1,1]
Input #81:	[0,1,0,1,0,0,0,1]	==	[0,1,0,1,0,0,0,1,0,0,1,1,0,1,1,0,0,1,0,1,1,1,0,0,1,0,0,1,1,0,1,0,0,1,0,1,1,0,1,0]
Input #82:	[0,1,0,1,0,0,1,0]	==	[0,1,0,1,0,0,1,0,0,0,1,1,1,0,0,1,1,0,1,0,1,1,0,0,0,1,1,0,0,1,0,1,1,0,1,0,0,1,0,1]
Input #83:	[0,1,0,1,0,0,1,1]	==	[0,1,0,1,0,0,1,1,0,0,1,1,1,1,0,0,1,1,1,1,1,1,0,0,0,0,1,1,0,0,0,0,1,1,1,1,0,0,0,0]
Input #84:	[0,1,0,1,0,1,0,0]	==	[0,1,0,1,0,1,0,0,0,1,1,0,0,0,1,1,0,0,1,1,1,0,0,1,1,1,0,0,1,1,0,0,0,0,1,1,1,1,0,0]
Input #85:	[0,1,0,1,0,1,0,1]	==	[0,1,0,1,0,1,0,1,0,1,1,0,0,1,1,0,0,1,1,0,1,0,0,1,1,0,0,1,1,0,0,1,0,1,1,0,1,0,0,1]
Input #86:	[0,1,0,1,0,1,1,0]	==	[0,1,0,1,0,1,1,0,0,1,1,0,1,0,0,1,1,0,0,1,1,0,0,1,0,1,1,0,0,1,1,0,1,0,0,1,0,1,1,0]
Input #87:	[0,1,0,1,0,1,1,1]	==	[0,1,0,1,0,1,1,1,0,1,1,0,1,1,0,0,1,1,0,0,1,0,0,1,0,0,1,1,0,0,1,1,1,1,0,0,0,0,1,1]
Input #88:	[0,1,0,1,1,0,0,0]	==	[0,1,0,1,1,0,0,0,1,0,0,1,0,0,1,1,1,1,0,0,0,1,1,0,1,1,0,0,0,0,1,1,1,1,0,0,0,0,1,1]
Input #89:	[0,1,0,1,1,0,0,1]	==	[0,1,0,1,1,0,0,1,1,0,0,1,0,1,1,0,1,0,0,1,0,1,1,0,1,0,0,1,0,1,1,0,1,0,0,1,0,1,1,0]
Input #90:	[0,1,0,1,1,0,1,0]	==	[0,1,0,1,1,0,1,0,1,0,0,1,1,0,0,1,0,1,1,0,0,1,1,0,0,1,1,0,1,0,0,1,0,1,1,0,1,0,0,1]
Input #91:	[0,1,0,1,1,0,1,1]	==	[0,1,0,1,1,0,1,1,1,0,0,1,1,1,0,0,0,0,1,1,0,1,1,0,0,0,1,1,1,1,0,0,0,0,1,1,1,1,0,0]
Input #92:	[0,1,0,1,1,1,0,0]	==	[0,1,0,1,1,1,0,0,1,1,0,0,0,0,1,1,1,1,1,1,0,0,1,1,1,1,0,0,0,0,0,0,1,1,1,1,0,0,0,0]
Input #93:	[0,1,0,1,1,1,0,1]	==	[0,1,0,1,1,1,0,1,1,1,0,0,0,1,1,0,1,0,1,0,0,0,1,1,1,0,0,1,0,1,0,1,1,0,1,0,0,1,0,1]
Input #94:	[0,1,0,1,1,1,1,0]	==	[0,1,0,1,1,1,1,0,1,1,0,0,1,0,0,1,0,1,0,1,0,0,1,1,0,1,1,0,1,0,1,0,0,1,0,1,1,0,1,0]
Input #95:	[0,1,0,1,1,1,1,1]	==	[0,1,0,1,1,1,1,1,1,1,0,0,1,1,0,0,0,0,0,0,0,0,1,1,0,0,1,1,1,1,1,1,0,0,0,0,1,1,1,1]
Input #96:	[0,1,1,0,0,0,0,0]	==	[0,1,1,0,0,0,0,0,1,1,0,0,1,1,0,0,0,0,0,0,0,0,1,1,0,0,1,1,1,1,1,1,1,1,1,1,0,0,0,0]
Input #97:	[0,1,1,0,0,0,0,1]	==	[0,1,1,0,0,0,0,1,1,1,0,0,1,0,0,1,0,1,0,1,0,0,1,1,0,1,1,0,1,0,1,0,1,0,1,0,0,1,0,1]
Input #98:	[0,1,1,0,0,0,1,0]	==	[0,1,1,0,0,0,1,0,1,1,0,0,0,1,1,0,1,0,1,0,0,0,1,1,1,0,0,1,0,1,0,1,0,1,0,1,1,0,1,0]
Input #99:	[0,1,1,0,0,0,1,1]	==	[0,1,1,0,0,0,1,1,1,1,0,0,0,0,1,1,1,1,1,1,0,0,1,1,1,1,0,0,0,0,0,0,0,0,0,0,1,1,1,1]
Input #100:	[0,1,1,0,0,1,0,0]	==	[0,1,1,0,0,1,0,0,1,0,0,1,1,1,0,0,0,0,1,1,0,1,1,0,0,0,1,1,1,1,0,0,1,1,0,0,0,0,1,1]
Input #101:	[0,1,1,0,0,1,0,1]	==	[0,1,1,0,0,1,0,1,1,0,0,1,1,0,0,1,0,1,1,0,0,1,1,0,0,1,1,0,1,0,0,1,1,0,0,1,0,1,1,0]
Input #102:	[0,1,1,0,0,1,1,0]	==	[0,1,1,0,0,1,1,0,1,0,0,1,0,1,1,0,1,0,0,1,0,1,1,0,1,0,0,1,0,1,1,0,0,1,1,0,1,0,0,1]
Input #103:	[0,1,1,0,0,1,1,1]	==	[0,1,1,0,0,1,1,1,1,0,0,1,0,0,1,1,1,1,0,0,0,1,1,0,1,1,0,0,0,0,1,1,0,0,1,1,1,1,0,0]
Input #104:	[0,1,1,0,1,0,0,0]	==	[0,1,1,0,1,0,0,0,0,1,1,0,1,1,0,0,1,1,0,0,1,0,0,1,0,0,1,1,0,0,1,1,0,0,1,1,1,1,0,0]
Input #105:	[0,1,1,0,1,0,0,1]	==	[0,1,1,0,1,0,0,1,0,1,1,0,1,0,0,1,1,0,0,1,1,0,0,1,0,1,1,0,0,1,1,0,0,1,1,0,1,0,0,1]
Input #106:	[0,1,1,0,1,0,1,0]	==	[0,1,1,0,1,0,1,0,0,1,1,0,0,1,1,0,0,1,1,0,1,0,0,1,1,0,0,1,1,0,0,1,1,0,0,1,0,1,1,0]
Input #107:	[0,1,1,0,1,0,1,1]	==	[0,1,1,0,1,0,1,1,0,1,1,0,0,0,1,1,0,0,1,1,1,0,0,1,1,1,0,0,1,1,0,0,1,1,0,0,0,0,1,1]
Input #108:	[0,1,1,0,1,1,0,0]	==	[0,1,1,0,1,1,0,0,0,0,1,1,1,1,0,0,1,1,1,1,1,1,0,0,0,0,1,1,0,0,0,0,0,0,0,0,1,1,1,1]
Input #109:	[0,1,1,0,1,1,0,1]	==	[0,1,1,0,1,1,0,1,0,0,1,1,1,0,0,1,1,0,1,0,1,1,0,0,0,1,1,0,0,1,0,1,0,1,0,1,1,0,1,0]
Input #110:	[0,1,1,0,1,1,1,0]	==	[0,1,1,0,1,1,1,0,0,0,1,1,0,1,1,0,0,1,0,1,1,1,0,0,1,0,0,1,1,0,1,0,1,0,1,0,0,1,0,1]
Input #111:	[0,1,1,0,1,1,1,1]	==	[0,1,1,0,1,1,1,1,0,0,1,1,0,0,1,1,0,0,0,0,1,1,0,0,1,1,0,0,1,1,1,1,1,1,1,1,0,0,0,0]
Input #112:	[0,1,1,1,0,0,0,0]	==	[0,1,1,1,0,0,0,0,1,1,1,1,1,1,1,1,0,0,0,0,0,0,0,0,0,0,0,0,1,1,1,1,1,1,1,1,1,1,1,1]
Input #113:	[0,1,1,1,0,0,0,1]	==	[0,1,1,1,0,0,0,1,1,1,1,1,1,0,1,0,0,1,0,1,0,0,0,0,0,1,0,1,1,0,1,0,1,0,1,0,1,0,1,0]
Input #114:	[0,1,1,1,0,0,1,0]	==	[0,1,1,1,0,0,1,0,1,1,1,1,0,1,0,1,1,0,1,0,0,0,0,0,1,0,1,0,0,1,0,1,0,1,0,1,0,1,0,1]
Input #115:	[0,1,1,1,0,0,1,1]	==	[0,1,1,1,0,0,1,1,1,1,1,1,0,0,0,0,1,1,1,1,0,0,0,0,1,1,1,1,0,0,0,0,0,0,0,0,0,0,0,0]
Input #116:	[0,1,1,1,0,1,0,0]	==	[0,1,1,1,0,1,0,0,1,0,1,0,1,1,1,1,0,0,1,1,0,1,0,1,0,0,0,0,1,1,0,0,1,1,0,0,1,1,0,0]
Input #117:	[0,1,1,1,0,1,0,1]	==	[0,1,1,1,0,1,0,1,1,0,1,0,1,0,1,0,0,1,1,0,0,1,0,1,0,1,0,1,1,0,0,1,1,0,0,1,1,0,0,1]
Input #118:	[0,1,1,1,0,1,1,0]	==	[0,1,1,1,0,1,1,0,1,0,1,0,0,1,0,1,1,0,0,1,0,1,0,1,1,0,1,0,0,1,1,0,0,1,1,0,0,1,1,0]
Input #119:	[0,1,1,1,0,1,1,1]	==	[0,1,1,1,0,1,1,1,1,0,1,0,0,0,0,0,1,1,0,0,0,1,0,1,1,1,1,1,0,0,1,1,0,0,1,1,0,0,1,1]
Input #120:	[0,1,1,1,1,0,0,0]	==	[0,1,1,1,1,0,0,0,0,1,0,1,1,1,1,1,1,1,0,0,1,0,1,0,0,0,0,0,0,0,1,1,0,0,1,1,0,0,1,1]
Input #121:	[0,1,1,1,1,0,0,1]	==	[0,1,1,1,1,0,0,1,0,1,0,1,1,0,1,0,1,0,0,1,1,0,1,0,0,1,0,1,0,1,1,0,0,1,1,0,0,1,1,0]
Input #122:	[0,1,1,1,1,0,1,0]	==	[0,1,1,1,1,0,1,0,0,1,0,1,0,1,0,1,0,1,1,0,1,0,1,0,1,0,1,0,1,0,0,1,1,0,0,1,1,0,0,1]
Input #123:	[0,1,1,1,1,0,1,1]	==	[0,1,1,1,1,0,1,1,0,1,0,1,0,0,0,0,0,0,1,1,1,0,1,0,1,1,1,1,1,1,0,0,1,1,0,0,1,1,0,0]
Input #124:	[0,1,1,1,1,1,0,0]	==	[0,1,1,1,1,1,0,0,0,0,0,0,1,1,1,1,1,1,1,1,1,1,1,1,0,0,0,0,0,0,0,0,0,0,0,0,0,0,0,0]
Input #125:	[0,1,1,1,1,1,0,1]	==	[0,1,1,1,1,1,0,1,0,0,0,0,1,0,1,0,1,0,1,0,1,1,1,1,0,1,0,1,0,1,0,1,0,1,0,1,0,1,0,1]
Input #126:	[0,1,1,1,1,1,1,0]	==	[0,1,1,1,1,1,1,0,0,0,0,0,0,1,0,1,0,1,0,1,1,1,1,1,1,0,1,0,1,0,1,0,1,0,1,0,1,0,1,0]
Input #127:	[0,1,1,1,1,1,1,1]	==	[0,1,1,1,1,1,1,1,0,0,0,0,0,0,0,0,0,0,0,0,1,1,1,1,1,1,1,1,1,1,1,1,1,1,1,1,1,1,1,1]
Input #128:	[1,0,0,0,0,0,0,0]	==	[1,0,0,0,0,0,0,0,1,1,1,1,1,1,1,1,1,1,1,1,0,0,0,0,0,0,0,0,0,0,0,0,0,0,0,0,0,0,0,0]
Input #129:	[1,0,0,0,0,0,0,1]	==	[1,0,0,0,0,0,0,1,1,1,1,1,1,0,1,0,1,0,1,0,0,0,0,0,0,1,0,1,0,1,0,1,0,1,0,1,0,1,0,1]
Input #130:	[1,0,0,0,0,0,1,0]	==	[1,0,0,0,0,0,1,0,1,1,1,1,0,1,0,1,0,1,0,1,0,0,0,0,1,0,1,0,1,0,1,0,1,0,1,0,1,0,1,0]
Input #131:	[1,0,0,0,0,0,1,1]	==	[1,0,0,0,0,0,1,1,1,1,1,1,0,0,0,0,0,0,0,0,0,0,0,0,1,1,1,1,1,1,1,1,1,1,1,1,1,1,1,1]
Input #132:	[1,0,0,0,0,1,0,0]	==	[1,0,0,0,0,1,0,0,1,0,1,0,1,1,1,1,1,1,0,0,0,1,0,1,0,0,0,0,0,0,1,1,0,0,1,1,0,0,1,1]
Input #133:	[1,0,0,0,0,1,0,1]	==	[1,0,0,0,0,1,0,1,1,0,1,0,1,0,1,0,1,0,0,1,0,1,0,1,0,1,0,1,0,1,1,0,0,1,1,0,0,1,1,0]
Input #134:	[1,0,0,0,0,1,1,0]	==	[1,0,0,0,0,1,1,0,1,0,1,0,0,1,0,1,0,1,1,0,0,1,0,1,1,0,1,0,1,0,0,1,1,0,0,1,1,0,0,1]
Input #135:	[1,0,0,0,0,1,1,1]	==	[1,0,0,0,0,1,1,1,1,0,1,0,0,0,0,0,0,0,1,1,0,1,0,1,1,1,1,1,1,1,0,0,1,1,0,0,1,1,0,0]
Input #136:	[1,0,0,0,1,0,0,0]	==	[1,0,0,0,1,0,0,0,0,1,0,1,1,1,1,1,0,0,1,1,1,0,1,0,0,0,0,0,1,1,0,0,1,1,0,0,1,1,0,0]
Input #137:	[1,0,0,0,1,0,0,1]	==	[1,0,0,0,1,0,0,1,0,1,0,1,1,0,1,0,0,1,1,0,1,0,1,0,0,1,0,1,1,0,0,1,1,0,0,1,1,0,0,1]
Input #138:	[1,0,0,0,1,0,1,0]	==	[1,0,0,0,1,0,1,0,0,1,0,1,0,1,0,1,1,0,0,1,1,0,1,0,1,0,1,0,0,1,1,0,0,1,1,0,0,1,1,0]
Input #139:	[1,0,0,0,1,0,1,1]	==	[1,0,0,0,1,0,1,1,0,1,0,1,0,0,0,0,1,1,0,0,1,0,1,0,1,1,1,1,0,0,1,1,0,0,1,1,0,0,1,1]
Input #140:	[1,0,0,0,1,1,0,0]	==	[1,0,0,0,1,1,0,0,0,0,0,0,1,1,1,1,0,0,0,0,1,1,1,1,0,0,0,0,1,1,1,1,1,1,1,1,1,1,1,1]
Input #141:	[1,0,0,0,1,1,0,1]	==	[1,0,0,0,1,1,0,1,0,0,0,0,1,0,1,0,0,1,0,1,1,1,1,1,0,1,0,1,1,0,1,0,1,0,1,0,1,0,1,0]
Input #142:	[1,0,0,0,1,1,1,0]	==	[1,0,0,0,1,1,1,0,0,0,0,0,0,1,0,1,1,0,1,0,1,1,1,1,1,0,1,0,0,1,0,1,0,1,0,1,0,1,0,1]
Input #143:	[1,0,0,0,1,1,1,1]	==	[1,0,0,0,1,1,1,1,0,0,0,0,0,0,0,0,1,1,1,1,1,1,1,1,1,1,1,1,0,0,0,0,0,0,0,0,0,0,0,0]
Input #144:	[1,0,0,1,0,0,0,0]	==	[1,0,0,1,0,0,0,0,1,1,0,0,1,1,0,0,1,1,1,1,0,0,1,1,0,0,1,1,0,0,0,0,0,0,0,0,1,1,1,1]
Input #145:	[1,0,0,1,0,0,0,1]	==	[1,0,0,1,0,0,0,1,1,1,0,0,1,0,0,1,1,0,1,0,0,0,1,1,0,1,1,0,0,1,0,1,0,1,0,1,1,0,1,0]
Input #146:	[1,0,0,1,0,0,1,0]	==	[1,0,0,1,0,0,1,0,1,1,0,0,0,1,1,0,0,1,0,1,0,0,1,1,1,0,0,1,1,0,1,0,1,0,1,0,0,1,0,1]
Input #147:	[1,0,0,1,0,0,1,1]	==	[1,0,0,1,0,0,1,1,1,1,0,0,0,0,1,1,0,0,0,0,0,0,1,1,1,1,0,0,1,1,1,1,1,1,1,1,0,0,0,0]
Input #148:	[1,0,0,1,0,1,0,0]	==	[1,0,0,1,0,1,0,0,1,0,0,1,1,1,0,0,1,1,0,0,0,1,1,0,0,0,1,1,0,0,1,1,0,0,1,1,1,1,0,0]
Input #149:	[1,0,0,1,0,1,0,1]	==	[1,0,0,1,0,1,0,1,1,0,0,1,1,0,0,1,1,0,0,1,0,1,1,0,0,1,1,0,0,1,1,0,0,1,1,0,1,0,0,1]
Input #150:	[1,0,0,1,0,1,1,0]	==	[1,0,0,1,0,1,1,0,1,0,0,1,0,1,1,0,0,1,1,0,0,1,1,0,1,0,0,1,1,0,0,1,1,0,0,1,0,1,1,0]
Input #151:	[1,0,0,1,0,1,1,1]	==	[1,0,0,1,0,1,1,1,1,0,0,1,0,0,1,1,0,0,1,1,0,1,1,0,1,1,0,0,1,1,0,0,1,1,0,0,0,0,1,1]
Input #152:	[1,0,0,1,1,0,0,0]	==	[1,0,0,1,1,0,0,0,0,1,1,0,1,1,0,0,0,0,1,1,1,0,0,1,0,0,1,1,1,1,0,0,1,1,0,0,0,0,1,1]
Input #153:	[1,0,0,1,1,0,0,1]	==	[1,0,0,1,1,0,0,1,0,1,1,0,1,0,0,1,0,1,1,0,1,0,0,1,0,1,1,0,1,0,0,1,1,0,0,1,0,1,1,0]
Input #154:	[1,0,0,1,1,0,1,0]	==	[1,0,0,1,1,0,1,0,0,1,1,0,0,1,1,0,1,0,0,1,1,0,0,1,1,0,0,1,0,1,1,0,0,1,1,0,1,0,0,1]
Input #155:	[1,0,0,1,1,0,1,1]	==	[1,0,0,1,1,0,1,1,0,1,1,0,0,0,1,1,1,1,0,0,1,0,0,1,1,1,0,0,0,0,1,1,0,0,1,1,1,1,0,0]
Input #156:	[1,0,0,1,1,1,0,0]	==	[1,0,0,1,1,1,0,0,0,0,1,1,1,1,0,0,0,0,0,0,1,1,0,0,0,0,1,1,1,1,1,1,1,1,1,1,0,0,0,0]
Input #157:	[1,0,0,1,1,1,0,1]	==	[1,0,0,1,1,1,0,1,0,0,1,1,1,0,0,1,0,1,0,1,1,1,0,0,0,1,1,0,1,0,1,0,1,0,1,0,0,1,0,1]
Input #158:	[1,0,0,1,1,1,1,0]	==	[1,0,0,1,1,1,1,0,0,0,1,1,0,1,1,0,1,0,1,0,1,1,0,0,1,0,0,1,0,1,0,1,0,1,0,1,1,0,1,0]
Input #159:	[1,0,0,1,1,1,1,1]	==	[1,0,0,1,1,1,1,1,0,0,1,1,0,0,1,1,1,1,1,1,1,1,0,0,1,1,0,0,0,0,0,0,0,0,0,0,1,1,1,1]
Input #160:	[1,0,1,0,0,0,0,0]	==	[1,0,1,0,0,0,0,0,0,0,1,1,0,0,1,1,1,1,1,1,1,1,0,0,1,1,0,0,0,0,0,0,1,1,1,1,0,0,0,0]
Input #161:	[1,0,1,0,0,0,0,1]	==	[1,0,1,0,0,0,0,1,0,0,1,1,0,1,1,0,1,0,1,0,1,1,0,0,1,0,0,1,0,1,0,1,1,0,1,0,0,1,0,1]
Input #162:	[1,0,1,0,0,0,1,0]	==	[1,0,1,0,0,0,1,0,0,0,1,1,1,0,0,1,0,1,0,1,1,1,0,0,0,1,1,0,1,0,1,0,0,1,0,1,1,0,1,0]
Input #163:	[1,0,1,0,0,0,1,1]	==	[1,0,1,0,0,0,1,1,0,0,1,1,1,1,0,0,0,0,0,0,1,1,0,0,0,0,1,1,1,1,1,1,0,0,0,0,1,1,1,1]
Input #164:	[1,0,1,0,0,1,0,0]	==	[1,0,1,0,0,1,0,0,0,1,1,0,0,0,1,1,1,1,0,0,1,0,0,1,1,1,0,0,0,0,1,1,1,1,0,0,0,0,1,1]
Input #165:	[1,0,1,0,0,1,0,1]	==	[1,0,1,0,0,1,0,1,0,1,1,0,0,1,1,0,1,0,0,1,1,0,0,1,1,0,0,1,0,1,1,0,1,0,0,1,0,1,1,0]
Input #166:	[1,0,1,0,0,1,1,0]	==	[1,0,1,0,0,1,1,0,0,1,1,0,1,0,0,1,0,1,1,0,1,0,0,1,0,1,1,0,1,0,0,1,0,1,1,0,1,0,0,1]
Input #167:	[1,0,1,0,0,1,1,1]	==	[1,0,1,0,0,1,1,1,0,1,1,0,1,1,0,0,0,0,1,1,1,0,0,1,0,0,1,1,1,1,0,0,0,0,1,1,1,1,0,0]
Input #168:	[1,0,1,0,1,0,0,0]	==	[1,0,1,0,1,0,0,0,1,0,0,1,0,0,1,1,0,0,1,1,0,1,1,0,1,1,0,0,1,1,0,0,0,0,1,1,1,1,0,0]
Input #169:	[1,0,1,0,1,0,0,1]	==	[1,0,1,0,1,0,0,1,1,0,0,1,0,1,1,0,0,1,1,0,0,1,1,0,1,0,0,1,1,0,0,1,0,1,1,0,1,0,0,1]
Input #170:	[1,0,1,0,1,0,1,0]	==	[1,0,1,0,1,0,1,0,1,0,0,1,1,0,0,1,1,0,0,1,0,1,1,0,0,1,1,0,0,1,1,0,1,0,0,1,0,1,1,0]
Input #171:	[1,0,1,0,1,0,1,1]	==	[1,0,1,0,1,0,1,1,1,0,0,1,1,1,0,0,1,1,0,0,0,1,1,0,0,0,1,1,0,0,1,1,1,1,0,0,0,0,1,1]
Input #172:	[1,0,1,0,1,1,0,0]	==	[1,0,1,0,1,1,0,0,1,1,0,0,0,0,1,1,0,0,0,0,0,0,1,1,1,1,0,0,1,1,1,1,0,0,0,0,1,1,1,1]
Input #173:	[1,0,1,0,1,1,0,1]	==	[1,0,1,0,1,1,0,1,1,1,0,0,0,1,1,0,0,1,0,1,0,0,1,1,1,0,0,1,1,0,1,0,0,1,0,1,1,0,1,0]
Input #174:	[1,0,1,0,1,1,1,0]	==	[1,0,1,0,1,1,1,0,1,1,0,0,1,0,0,1,1,0,1,0,0,0,1,1,0,1,1,0,0,1,0,1,1,0,1,0,0,1,0,1]
Input #175:	[1,0,1,0,1,1,1,1]	==	[1,0,1,0,1,1,1,1,1,1,0,0,1,1,0,0,1,1,1,1,0,0,1,1,0,0,1,1,0,0,0,0,1,1,1,1,0,0,0,0]
Input #176:	[1,0,1,1,0,0,0,0]	==	[1,0,1,1,0,0,0,0,0,0,0,0,0,0,0,0,1,1,1,1,1,1,1,1,1,1,1,1,0,0,0,0,1,1,1,1,1,1,1,1]
Input #177:	[1,0,1,1,0,0,0,1]	==	[1,0,1,1,0,0,0,1,0,0,0,0,0,1,0,1,1,0,1,0,1,1,1,1,1,0,1,0,0,1,0,1,1,0,1,0,1,0,1,0]
Input #178:	[1,0,1,1,0,0,1,0]	==	[1,0,1,1,0,0,1,0,0,0,0,0,1,0,1,0,0,1,0,1,1,1,1,1,0,1,0,1,1,0,1,0,0,1,0,1,0,1,0,1]
Input #179:	[1,0,1,1,0,0,1,1]	==	[1,0,1,1,0,0,1,1,0,0,0,0,1,1,1,1,0,0,0,0,1,1,1,1,0,0,0,0,1,1,1,1,0,0,0,0,0,0,0,0]
Input #180:	[1,0,1,1,0,1,0,0]	==	[1,0,1,1,0,1,0,0,0,1,0,1,0,0,0,0,1,1,0,0,1,0,1,0,1,1,1,1,0,0,1,1,1,1,0,0,1,1,0,0]
Input #181:	[1,0,1,1,0,1,0,1]	==	[1,0,1,1,0,1,0,1,0,1,0,1,0,1,0,1,1,0,0,1,1,0,1,0,1,0,1,0,0,1,1,0,1,0,0,1,1,0,0,1]
Input #182:	[1,0,1,1,0,1,1,0]	==	[1,0,1,1,0,1,1,0,0,1,0,1,1,0,1,0,0,1,1,0,1,0,1,0,0,1,0,1,1,0,0,1,0,1,1,0,0,1,1,0]
Input #183:	[1,0,1,1,0,1,1,1]	==	[1,0,1,1,0,1,1,1,0,1,0,1,1,1,1,1,0,0,1,1,1,0,1,0,0,0,0,0,1,1,0,0,0,0,1,1,0,0,1,1]
Input #184:	[1,0,1,1,1,0,0,0]	==	[1,0,1,1,1,0,0,0,1,0,1,0,0,0,0,0,0,0,1,1,0,1,0,1,1,1,1,1,1,1,0,0,0,0,1,1,0,0,1,1]
Input #185:	[1,0,1,1,1,0,0,1]	==	[1,0,1,1,1,0,0,1,1,0,1,0,0,1,0,1,0,1,1,0,0,1,0,1,1,0,1,0,1,0,0,1,0,1,1,0,0,1,1,0]
Input #186:	[1,0,1,1,1,0,1,0]	==	[1,0,1,1,1,0,1,0,1,0,1,0,1,0,1,0,1,0,0,1,0,1,0,1,0,1,0,1,0,1,1,0,1,0,0,1,1,0,0,1]
Input #187:	[1,0,1,1,1,0,1,1]	==	[1,0,1,1,1,0,1,1,1,0,1,0,1,1,1,1,1,1,0,0,0,1,0,1,0,0,0,0,0,0,1,1,1,1,0,0,1,1,0,0]
Input #188:	[1,0,1,1,1,1,0,0]	==	[1,0,1,1,1,1,0,0,1,1,1,1,0,0,0,0,0,0,0,0,0,0,0,0,1,1,1,1,1,1,1,1,0,0,0,0,0,0,0,0]
Input #189:	[1,0,1,1,1,1,0,1]	==	[1,0,1,1,1,1,0,1,1,1,1,1,0,1,0,1,0,1,0,1,0,0,0,0,1,0,1,0,1,0,1,0,0,1,0,1,0,1,0,1]
Input #190:	[1,0,1,1,1,1,1,0]	==	[1,0,1,1,1,1,1,0,1,1,1,1,1,0,1,0,1,0,1,0,0,0,0,0,0,1,0,1,0,1,0,1,1,0,1,0,1,0,1,0]
Input #191:	[1,0,1,1,1,1,1,1]	==	[1,0,1,1,1,1,1,1,1,1,1,1,1,1,1,1,1,1,1,1,0,0,0,0,0,0,0,0,0,0,0,0,1,1,1,1,1,1,1,1]
Input #192:	[1,1,0,0,0,0,0,0]	==	[1,1,0,0,0,0,0,0,1,1,1,1,1,1,1,1,1,1,1,1,1,1,1,1,1,1,1,1,1,1,1,1,0,0,0,0,0,0,0,0]
Input #193:	[1,1,0,0,0,0,0,1]	==	[1,1,0,0,0,0,0,1,1,1,1,1,1,0,1,0,1,0,1,0,1,1,1,1,1,0,1,0,1,0,1,0,0,1,0,1,0,1,0,1]
Input #194:	[1,1,0,0,0,0,1,0]	==	[1,1,0,0,0,0,1,0,1,1,1,1,0,1,0,1,0,1,0,1,1,1,1,1,0,1,0,1,0,1,0,1,1,0,1,0,1,0,1,0]
Input #195:	[1,1,0,0,0,0,1,1]	==	[1,1,0,0,0,0,1,1,1,1,1,1,0,0,0,0,0,0,0,0,1,1,1,1,0,0,0,0,0,0,0,0,1,1,1,1,1,1,1,1]
Input #196:	[1,1,0,0,0,1,0,0]	==	[1,1,0,0,0,1,0,0,1,0,1,0,1,1,1,1,1,1,0,0,1,0,1,0,1,1,1,1,1,1,0,0,0,0,1,1,0,0,1,1]
Input #197:	[1,1,0,0,0,1,0,1]	==	[1,1,0,0,0,1,0,1,1,0,1,0,1,0,1,0,1,0,0,1,1,0,1,0,1,0,1,0,1,0,0,1,0,1,1,0,0,1,1,0]
Input #198:	[1,1,0,0,0,1,1,0]	==	[1,1,0,0,0,1,1,0,1,0,1,0,0,1,0,1,0,1,1,0,1,0,1,0,0,1,0,1,0,1,1,0,1,0,0,1,1,0,0,1]
Input #199:	[1,1,0,0,0,1,1,1]	==	[1,1,0,0,0,1,1,1,1,0,1,0,0,0,0,0,0,0,1,1,1,0,1,0,0,0,0,0,0,0,1,1,1,1,0,0,1,1,0,0]
Input #200:	[1,1,0,0,1,0,0,0]	==	[1,1,0,0,1,0,0,0,0,1,0,1,1,1,1,1,0,0,1,1,0,1,0,1,1,1,1,1,0,0,1,1,1,1,0,0,1,1,0,0]
Input #201:	[1,1,0,0,1,0,0,1]	==	[1,1,0,0,1,0,0,1,0,1,0,1,1,0,1,0,0,1,1,0,0,1,0,1,1,0,1,0,0,1,1,0,1,0,0,1,1,0,0,1]
Input #202:	[1,1,0,0,1,0,1,0]	==	[1,1,0,0,1,0,1,0,0,1,0,1,0,1,0,1,1,0,0,1,0,1,0,1,0,1,0,1,1,0,0,1,0,1,1,0,0,1,1,0]
Input #203:	[1,1,0,0,1,0,1,1]	==	[1,1,0,0,1,0,1,1,0,1,0,1,0,0,0,0,1,1,0,0,0,1,0,1,0,0,0,0,1,1,0,0,0,0,1,1,0,0,1,1]
Input #204:	[1,1,0,0,1,1,0,0]	==	[1,1,0,0,1,1,0,0,0,0,0,0,1,1,1,1,0,0,0,0,0,0,0,0,1,1,1,1,0,0,0,0,1,1,1,1,1,1,1,1]
Input #205:	[1,1,0,0,1,1,0,1]	==	[1,1,0,0,1,1,0,1,0,0,0,0,1,0,1,0,0,1,0,1,0,0,0,0,1,0,1,0,0,1,0,1,1,0,1,0,1,0,1,0]
Input #206:	[1,1,0,0,1,1,1,0]	==	[1,1,0,0,1,1,1,0,0,0,0,0,0,1,0,1,1,0,1,0,0,0,0,0,0,1,0,1,1,0,1,0,0,1,0,1,0,1,0,1]
Input #207:	[1,1,0,0,1,1,1,1]	==	[1,1,0,0,1,1,1,1,0,0,0,0,0,0,0,0,1,1,1,1,0,0,0,0,0,0,0,0,1,1,1,1,0,0,0,0,0,0,0,0]
Input #208:	[1,1,0,1,0,0,0,0]	==	[1,1,0,1,0,0,0,0,1,1,0,0,1,1,0,0,1,1,1,1,1,1,0,0,1,1,0,0,1,1,1,1,0,0,0,0,1,1,1,1]
Input #209:	[1,1,0,1,0,0,0,1]	==	[1,1,0,1,0,0,0,1,1,1,0,0,1,0,0,1,1,0,1,0,1,1,0,0,1,0,0,1,1,0,1,0,0,1,0,1,1,0,1,0]
Input #210:	[1,1,0,1,0,0,1,0]	==	[1,1,0,1,0,0,1,0,1,1,0,0,0,1,1,0,0,1,0,1,1,1,0,0,0,1,1,0,0,1,0,1,1,0,1,0,0,1,0,1]
Input #211:	[1,1,0,1,0,0,1,1]	==	[1,1,0,1,0,0,1,1,1,1,0,0,0,0,1,1,0,0,0,0,1,1,0,0,0,0,1,1,0,0,0,0,1,1,1,1,0,0,0,0]
Input #212:	[1,1,0,1,0,1,0,0]	==	[1,1,0,1,0,1,0,0,1,0,0,1,1,1,0,0,1,1,0,0,1,0,0,1,1,1,0,0,1,1,0,0,0,0,1,1,1,1,0,0]
Input #213:	[1,1,0,1,0,1,0,1]	==	[1,1,0,1,0,1,0,1,1,0,0,1,1,0,0,1,1,0,0,1,1,0,0,1,1,0,0,1,1,0,0,1,0,1,1,0,1,0,0,1]
Input #214:	[1,1,0,1,0,1,1,0]	==	[1,1,0,1,0,1,1,0,1,0,0,1,0,1,1,0,0,1,1,0,1,0,0,1,0,1,1,0,0,1,1,0,1,0,0,1,0,1,1,0]
Input #215:	[1,1,0,1,0,1,1,1]	==	[1,1,0,1,0,1,1,1,1,0,0,1,0,0,1,1,0,0,1,1,1,0,0,1,0,0,1,1,0,0,1,1,1,1,0,0,0,0,1,1]
Input #216:	[1,1,0,1,1,0,0,0]	==	[1,1,0,1,1,0,0,0,0,1,1,0,1,1,0,0,0,0,1,1,0,1,1,0,1,1,0,0,0,0,1,1,1,1,0,0,0,0,1,1]
Input #217:	[1,1,0,1,1,0,0,1]	==	[1,1,0,1,1,0,0,1,0,1,1,0,1,0,0,1,0,1,1,0,0,1,1,0,1,0,0,1,0,1,1,0,1,0,0,1,0,1,1,0]
Input #218:	[1,1,0,1,1,0,1,0]	==	[1,1,0,1,1,0,1,0,0,1,1,0,0,1,1,0,1,0,0,1,0,1,1,0,0,1,1,0,1,0,0,1,0,1,1,0,1,0,0,1]
Input #219:	[1,1,0,1,1,0,1,1]	==	[1,1,0,1,1,0,1,1,0,1,1,0,0,0,1,1,1,1,0,0,0,1,1,0,0,0,1,1,1,1,0,0,0,0,1,1,1,1,0,0]
Input #220:	[1,1,0,1,1,1,0,0]	==	[1,1,0,1,1,1,0,0,0,0,1,1,1,1,0,0,0,0,0,0,0,0,1,1,1,1,0,0,0,0,0,0,1,1,1,1,0,0,0,0]
Input #221:	[1,1,0,1,1,1,0,1]	==	[1,1,0,1,1,1,0,1,0,0,1,1,1,0,0,1,0,1,0,1,0,0,1,1,1,0,0,1,0,1,0,1,1,0,1,0,0,1,0,1]
Input #222:	[1,1,0,1,1,1,1,0]	==	[1,1,0,1,1,1,1,0,0,0,1,1,0,1,1,0,1,0,1,0,0,0,1,1,0,1,1,0,1,0,1,0,0,1,0,1,1,0,1,0]
Input #223:	[1,1,0,1,1,1,1,1]	==	[1,1,0,1,1,1,1,1,0,0,1,1,0,0,1,1,1,1,1,1,0,0,1,1,0,0,1,1,1,1,1,1,0,0,0,0,1,1,1,1]
Input #224:	[1,1,1,0,0,0,0,0]	==	[1,1,1,0,0,0,0,0,0,0,1,1,0,0,1,1,1,1,1,1,0,0,1,1,0,0,1,1,1,1,1,1,1,1,1,1,0,0,0,0]
Input #225:	[1,1,1,0,0,0,0,1]	==	[1,1,1,0,0,0,0,1,0,0,1,1,0,1,1,0,1,0,1,0,0,0,1,1,0,1,1,0,1,0,1,0,1,0,1,0,0,1,0,1]
Input #226:	[1,1,1,0,0,0,1,0]	==	[1,1,1,0,0,0,1,0,0,0,1,1,1,0,0,1,0,1,0,1,0,0,1,1,1,0,0,1,0,1,0,1,0,1,0,1,1,0,1,0]
Input #227:	[1,1,1,0,0,0,1,1]	==	[1,1,1,0,0,0,1,1,0,0,1,1,1,1,0,0,0,0,0,0,0,0,1,1,1,1,0,0,0,0,0,0,0,0,0,0,1,1,1,1]
Input #228:	[1,1,1,0,0,1,0,0]	==	[1,1,1,0,0,1,0,0,0,1,1,0,0,0,1,1,1,1,0,0,0,1,1,0,0,0,1,1,1,1,0,0,1,1,0,0,0,0,1,1]
Input #229:	[1,1,1,0,0,1,0,1]	==	[1,1,1,0,0,1,0,1,0,1,1,0,0,1,1,0,1,0,0,1,0,1,1,0,0,1,1,0,1,0,0,1,1,0,0,1,0,1,1,0]
Input #230:	[1,1,1,0,0,1,1,0]	==	[1,1,1,0,0,1,1,0,0,1,1,0,1,0,0,1,0,1,1,0,0,1,1,0,1,0,0,1,0,1,1,0,0,1,1,0,1,0,0,1]
Input #231:	[1,1,1,0,0,1,1,1]	==	[1,1,1,0,0,1,1,1,0,1,1,0,1,1,0,0,0,0,1,1,0,1,1,0,1,1,0,0,0,0,1,1,0,0,1,1,1,1,0,0]
Input #232:	[1,1,1,0,1,0,0,0]	==	[1,1,1,0,1,0,0,0,1,0,0,1,0,0,1,1,0,0,1,1,1,0,0,1,0,0,1,1,0,0,1,1,0,0,1,1,1,1,0,0]
Input #233:	[1,1,1,0,1,0,0,1]	==	[1,1,1,0,1,0,0,1,1,0,0,1,0,1,1,0,0,1,1,0,1,0,0,1,0,1,1,0,0,1,1,0,0,1,1,0,1,0,0,1]
Input #234:	[1,1,1,0,1,0,1,0]	==	[1,1,1,0,1,0,1,0,1,0,0,1,1,0,0,1,1,0,0,1,1,0,0,1,1,0,0,1,1,0,0,1,1,0,0,1,0,1,1,0]
Input #235:	[1,1,1,0,1,0,1,1]	==	[1,1,1,0,1,0,1,1,1,0,0,1,1,1,0,0,1,1,0,0,1,0,0,1,1,1,0,0,1,1,0,0,1,1,0,0,0,0,1,1]
Input #236:	[1,1,1,0,1,1,0,0]	==	[1,1,1,0,1,1,0,0,1,1,0,0,0,0,1,1,0,0,0,0,1,1,0,0,0,0,1,1,0,0,0,0,0,0,0,0,1,1,1,1]
Input #237:	[1,1,1,0,1,1,0,1]	==	[1,1,1,0,1,1,0,1,1,1,0,0,0,1,1,0,0,1,0,1,1,1,0,0,0,1,1,0,0,1,0,1,0,1,0,1,1,0,1,0]
Input #238:	[1,1,1,0,1,1,1,0]	==	[1,1,1,0,1,1,1,0,1,1,0,0,1,0,0,1,1,0,1,0,1,1,0,0,1,0,0,1,1,0,1,0,1,0,1,0,0,1,0,1]
Input #239:	[1,1,1,0,1,1,1,1]	==	[1,1,1,0,1,1,1,1,1,1,0,0,1,1,0,0,1,1,1,1,1,1,0,0,1,1,0,0,1,1,1,1,1,1,1,1,0,0,0,0]
Input #240:	[1,1,1,1,0,0,0,0]	==	[1,1,1,1,0,0,0,0,0,0,0,0,0,0,0,0,1,1,1,1,0,0,0,0,0,0,0,0,1,1,1,1,1,1,1,1,1,1,1,1]
Input #241:	[1,1,1,1,0,0,0,1]	==	[1,1,1,1,0,0,0,1,0,0,0,0,0,1,0,1,1,0,1,0,0,0,0,0,0,1,0,1,1,0,1,0,1,0,1,0,1,0,1,0]
Input #242:	[1,1,1,1,0,0,1,0]	==	[1,1,1,1,0,0,1,0,0,0,0,0,1,0,1,0,0,1,0,1,0,0,0,0,1,0,1,0,0,1,0,1,0,1,0,1,0,1,0,1]
Input #243:	[1,1,1,1,0,0,1,1]	==	[1,1,1,1,0,0,1,1,0,0,0,0,1,1,1,1,0,0,0,0,0,0,0,0,1,1,1,1,0,0,0,0,0,0,0,0,0,0,0,0]
Input #244:	[1,1,1,1,0,1,0,0]	==	[1,1,1,1,0,1,0,0,0,1,0,1,0,0,0,0,1,1,0,0,0,1,0,1,0,0,0,0,1,1,0,0,1,1,0,0,1,1,0,0]
Input #245:	[1,1,1,1,0,1,0,1]	==	[1,1,1,1,0,1,0,1,0,1,0,1,0,1,0,1,1,0,0,1,0,1,0,1,0,1,0,1,1,0,0,1,1,0,0,1,1,0,0,1]
Input #246:	[1,1,1,1,0,1,1,0]	==	[1,1,1,1,0,1,1,0,0,1,0,1,1,0,1,0,0,1,1,0,0,1,0,1,1,0,1,0,0,1,1,0,0,1,1,0,0,1,1,0]
Input #247:	[1,1,1,1,0,1,1,1]	==	[1,1,1,1,0,1,1,1,0,1,0,1,1,1,1,1,0,0,1,1,0,1,0,1,1,1,1,1,0,0,1,1,0,0,1,1,0,0,1,1]
Input #248:	[1,1,1,1,1,0,0,0]	==	[1,1,1,1,1,0,0,0,1,0,1,0,0,0,0,0,0,0,1,1,1,0,1,0,0,0,0,0,0,0,1,1,0,0,1,1,0,0,1,1]
Input #249:	[1,1,1,1,1,0,0,1]	==	[1,1,1,1,1,0,0,1,1,0,1,0,0,1,0,1,0,1,1,0,1,0,1,0,0,1,0,1,0,1,1,0,0,1,1,0,0,1,1,0]
Input #250:	[1,1,1,1,1,0,1,0]	==	[1,1,1,1,1,0,1,0,1,0,1,0,1,0,1,0,1,0,0,1,1,0,1,0,1,0,1,0,1,0,0,1,1,0,0,1,1,0,0,1]
Input #251:	[1,1,1,1,1,0,1,1]	==	[1,1,1,1,1,0,1,1,1,0,1,0,1,1,1,1,1,1,0,0,1,0,1,0,1,1,1,1,1,1,0,0,1,1,0,0,1,1,0,0]
Input #252:	[1,1,1,1,1,1,0,0]	==	[1,1,1,1,1,1,0,0,1,1,1,1,0,0,0,0,0,0,0,0,1,1,1,1,0,0,0,0,0,0,0,0,0,0,0,0,0,0,0,0]
Input #253:	[1,1,1,1,1,1,0,1]	==	[1,1,1,1,1,1,0,1,1,1,1,1,0,1,0,1,0,1,0,1,1,1,1,1,0,1,0,1,0,1,0,1,0,1,0,1,0,1,0,1]
Input #254:	[1,1,1,1,1,1,1,0]	==	[1,1,1,1,1,1,1,0,1,1,1,1,1,0,1,0,1,0,1,0,1,1,1,1,1,0,1,0,1,0,1,0,1,0,1,0,1,0,1,0]
Input #255:	[1,1,1,1,1,1,1,1]	==	[1,1,1,1,1,1,1,1,1,1,1,1,1,1,1,1,1,1,1,1,1,1,1,1,1,1,1,1,1,1,1,1,1,1,1,1,1,1,1,1]
